900

344. 5545454555 545.
55555545 445. 555455·-
545545 545. 444. Cres-
554444 550. 5454555343.
344. 4555455545 545.
335. 4554455445544. 545.
54555405 545. 45454·-
mpla 555. 4545545545
343. involvens 555. 45-
5545 555. 45544585 544.
4545545555 555. 4545515
54545455555555555-

dium 455. 5555554555
455. 5554445555 455.
555555544555555ἕ4-
Ι5100. 845950454Ξῗξ501ῗ4155ῗ
5545455555545455500.
55544455 455. 5554445
500. 555545545555- “
453545455554545455,
lllll'll‘lllll
455. 45555455 455.

jor 554. 5455555455 4454555555 555.
334. 5455045544. 345. 4454455555 5445554455 555.
555554454544555- 0555555555 555.

145545 545. niven 545.
pannosa 553. 344. pul-

5454545455 555. 54-
555455 555.

vinata 355. putidam (45555451 555.

55545 553. 54555555
345. scopulorum 355.
555454555545. sordida
545. 5454454545334. 445-
cloria 555. 55455545
545. vermicularis 455.
0555555555 454.
5555554545 454.
(lunulam-cus 54.
capu 545.
etp-om 344.
(1555555545 553.
cummim 044.
camollam 550.
&monaulon 555.
(455-55555545 505.

cupam 555.
carpenum 555.

nummum 535.
5550554555 535. 555-

4545 554. 5555455 544.
(4555545555455 555.
05550545 51555545 545.
0554554445 535.

Ι . 0545145445 445.

(455455554555 453.
5554555 455.
5555544 454. 5554545455
455. 0555544545 455.
54544455 455. 5554545
455. 5555554555454.
decomposita 454. 554-
5445445 454. 455. 45544-
545454. 544455545454.
3545455545 454. 55-
54445454. 4555545454.
ll 5545554544545544-

5545 454. 45545 virens
455. 4554415555 455. li-

gulata 454. Lycopo.

5555555455 554.

aculeatum 555. 55455-
54555555. 55555554·
(455 545. 5445555455
5445554555555555-
55554 455. 554545555-
pum 555. 5555545455
554. 5555545455 555.
550. 5544455555 544.
capillato 555. 05555-
54555 554. 5545554555
350. 5555545545 355.
54445455 550. 5455435-
555 544. 5455515455
555. coccineum 500.
5555555555 554. 554-
5454555 553. (4555544-
555 555. 0554553-
55555544 545 (445555-
555 545. bigone· 544.
0505555554 555. oehl-
55555555 555. 5554-
55455554. 5455555455
555.545.55545544454455
553. erumpens 544. 45-
54455455 545, 555. ll·
brosum 455. 5455555-
45555 505. 4444545554
455444455545545555-
555 543. 4544555555
554. luscum 454. 4454-

444015 ollllllull 545450541551.

55545554545545545-
5455545. inconspicuum
044. 4555555545. 45-
45555455 555. 45454-
55455 544. 44544554

545. 5555555544 555.
Linum 345. longini:

mum 444. 15545555
454. 5554555555 555.
54545455 543. 555445
llll. 5554445555 554.
4455455555 555. 5ο-
dosum 545. 5554545-
555 555. 5554454555
455. 0554545555 545.
pallidum 550. polens
544. 5554544555 554.
555455045545555555-
5454445455 555. 545.
pennatum 455. 503.
555545554544. pln-
5545455 543. 54455455
455. 5455555455 553.
54555555 555. poly-
555555 505. 5555-
mlum 554. pulchellum
545. 5515455455 ³22.
Pylnluel 554. 5555545-
555 545. 555. repens
545 lot-tueri 405. 445-
4544 540. 5554154555
555555545354555-
parium 455. 5555555-
455 555. 5455455 555.
speciosum 554. 5555-
55555554555555-
345555 455. 54545455
545. 545. 545. 555545-
455544. ’455544 440.
4555554555 545. 45·
55545555 454. 4555-
45555 554. 455555545-
5555 545. 545. 4554545-
455 553. 5585454555
54555445555554555-
0555455455554555-
55555555 445. 44545-
55555 545 vimulum
555. 4445445544 535.

44554 554. 0555554544 Mulon& 55.

555. 3455555545. gl·

79¹.

gauleum 553. glgml- Qum 455.

555 445. 8555454555
555. 0545455544 555. ’

5554555551 554. 544-
45555 550.

gutulum 553. gymno· (1555455555 55444455

nonium 545. 44545545-

455555455 544. 54555- melonum· 345.

455 500. 44555554 553.

45555545 345.

 

