918 44444 44444444 44 44444444444.

1144444 4444441444 758. 0454154444444 578. 585. 4444444 858. 4444444
wigghii 744. 5145411444 587. 11444- 855444444444444 444.
114444454444 444441444- 4444584144445414144 857. 4444444144 857.
mis 758. spicifer 760. 575544144457814444 84414444 858.

nmmum 875. 574. 0451444 575. 44- 54444444 584.

41144444 500. papyrius 44444444 588. 54444441

mh 709, 557. 41444444444 484. 588.4114414588.444444·
44444444708.411454444444 4144414144 577. 44444- 14144 588. 8445444 588.
744. 4444044707. gra· 7444 588. 4444444444 54444044888.

414444 708. 1144445444ῑί 587. 444444444444 557. 5444444 587. 588.
707. 4145114414707. ’445- 44414444 578. 44444444- [1454444454. pubescens
41444 705. sima 588. 4441144444 44 441444444 848.

14444444444145444 884. 557. 444444 588. 51444445444 448.

1444 8444414444 475. 414- 54444444444887. amen· abbreviata 448. 44444-
454444 478. 4444404454 44444 880. 4444444885. 4444444 448. surgendi
478. 4414444444 558. 444·- 444. 44444444 54. 44144-

5444414878. 4441414 880. dida 448.

4444544144 878. 5444444414 858. 14444444 uniformis 808.

44444444 51145414 808. 184444 858. 4444414444 1445444444 8444444444

8444144444 474. 854. 855. 4144441444 788. 545.

4444444414 848. 5444454114 v. 44444444 nmmu- 885.

1444114114 88. 858.144444444854.14444 1444444454 4444444 885.

14141444 784. 8544444454444444745. 5444445884 885.
,4444441444 588. 44444- 444441444 844. 444444- 544448141444 880.

’ 4444785. 4144144444 780. simu 848. 1441444 4444 840. (14444885.
4144411444788. (14444- minoda 548. [4444444444 884. 4444-
44444478544441444787. 54414 44444444 485. eri· 441444 485. 444444887.
4144144 748. 114541745- ⁴ 4444444444 447. 1444444 888. 44444444-
4414444 7441444441444 5415141414 875. mis 887. 4444445444ιί4
748. 444444454114 784. 444444414444 858. 444- 540, verrucosa 800.
444411444784.114414414 44444877. 41444444878. 84444444 545.
78844441444444748441- 1.44444444414444 878. 514544444144114444444585.
4444478878-1444141444 luteo-rusca 888. menium 488.
785. 441444 784. 5414414 587. 5445444444 4414444444

1444441444 857. 54444444444444444585. 885. 4444444444848.

54454414 485. 444411144 587. 04114444 40144454ωηὶ44 4444444444
8111444444 488. 44444444- 585. 444444 588. 444444- 588. 4414444444 588. 414·
54’1““48484444““ 444445414454· 5844 44854

,44444 . 4444 . 44 444 . 44444

1445444144 488. 588. 588. 14444 585. 144144-

54444444444114848. dor· 4444144 587.
144114444414 748. 748. 441444 758. 5444444414 858.
Κ444444444 845. 14444414 1414414444 487. 044441478444444444

5444444444 805. 855. 4441444888. 8414-

5444444144114444 508. 5445444544 454. 444444 855. 44444444
4444441444 500. 4444144144 458. 41444444 880.

5444144414 574. 458414444444485814- 544544544444 787.
44444444 580. 54144444 444544485814444458. 54454444 850.

578. 1444444414444 577. 144444444444844544· 44441444 4444344444 458.
54444414444578. 54444- 444445044444414844- vulgaris 158.
44455754444144114585. 44044414 458. 8144444414 14454444 4444451114 888.
54415444 578 444444- 448. 44411444 458. 5445448441444 548.
444444 585. (11445444544444144111444 5441414444 4440444544 548.
584.444144577.4444444 785. 54444544 878.
580. 4444444 488. 414- 544444544444444 885. 44441444 885. 844444-
54444 587. (1444444544 5444445414 858. 4544144888. cilicium
8448488488 4754844445 5188888485

 

