ull

04γο4004400 irregulare Nemuatoma cyclouolpa

440. undulatam 440.
ramea· 044.

1004404440444000044 040. 444. 404004 440.
4004000444040. 40044· nonantulanam 400.

444 040.
14044000040400 40044004-

4040 034. 00400100004
Ιξξιᾱυω 000.

1044044440 030. 040· {marath

04004040 040.
104404440οὴ 440.
4044404004 clavatum 000.
1Μοοω 004.

14044444.

44ιο00044 040044040οω
400. 4040440000 400.
Arbuscula 400. Dill-
wyulllul. 0440400 04.
04400400 00.
10040044 00.

1400404001044404040444.

leomeria 000.
1404044 4444040440 000. 400.

1044400404οο 444.
10004444 444. 0044000- 10040040004444 000.
1140410 040. 40040 040. 400. 0040004444 400.

INDEX (4014001114 ul sunollluullll.

040. 044040000040040

414. 41401404οω0 414. ³02. minuam 3⁰2.

· 4104404440. marginata -auulla 400. 4444404404

400. 0400404040 004.
00044004 400. 44044444

00000404 44. 0400444 0000040404404 000.
404. quadrua 40. 44440400οω 000. 00-
040444004 400. uulgare

004. uoluam· 440.

144040 40004444 000. du· Nulliporu agariullormla

0404004000. 4440044040 000. 400040014ιο 000.
000. 044004004 000.

440400400οο0. Phoenix

000. 0040040440 000. 0004440444 400.
410004404004400444404- l
4040400400404440000 1

00044444 044. 00441404 0000044444 040.

,040.00044044040.040- 41004404 000. 4000044-
ullaulla. intricata 040. 40144 0440401441104040. l

00444044. 04000001444 ouantium 44.
044. 0010000000 044. olvatum 440.

04044440 044. 0000000400 004.

400044. 44440404 444. 1444000040 elongata 40. 04444 4044400000 040.
4144400. 44004044 00. Nlloplayllum 44000 000. 4181441414 75³·

4400000. 0404404000.

0444000 04. 0400004444Ι

44. 0440000444 00. 040-
4440000404. commixta
40. 0000404044 44. (100-
04444404. Crux 04. 04-
00000004014004404-
va 44. 1004400040 00.
Gemma 00. gibba 0.
0100044404000044004.
4400004040 44. 404444.
1404440 00. 04. 4444404444
40. 0400440044 40. 044004
4400440044004440004
00. 04040040 00. palea
00. 0440440000. 04400-
0404040400 00. 04440-

0000004440004044. 044· 010444004444 404.
0004040 040. 04004044 0000440404 0404400004
040. deformatum 040, 404. (440440044444. 44-
00444044044. 00444440- 4014440 404.

,400404440000-40444004 04400ῳο0040 44.
044. 0044404 040. 4400- 0400401444 400.

04400040001141440044. 00444404 elegans 000.
4404444040 0404440004 coculla· 400-

044. ,40ιο4404404 044. 00000440 geminata 440.
400444044444004000040· 0044044041 404.
004400044000. 000040· 04004 4004444044 040.
4004000044444004000. 0014040444 000.
0044044044. 04404444οι0 0004444414 (00044οῑ0444]
404. 000000444040 044. 404. 40440004 440.
0400404040 044. 0444- 404004040440000404-
nerva 040. 4444400404 444404. 44440044. 4404-

000. 044140440404140444444.

44004000. 0400004444. 1004414044 400. 0004444- 440044004040 404. 440-

00400004444404040044

00040044000400404044 100400 400.

40. 00. splendida 00.
0444440Ιο 00. 40040044
00. 4444400044 04. 444-
00040 440. turgida 4.
0044400440 00. 00040440
00. 0000144044. vau·
4440004 40. 04444440 40.
04440ιο4 40. 4440404-
044004 4. zabau 4.
1051340000 444. 0444100οο

lia 044. 04440 404. 4440044400-
aaa 004. 40044440 404.
404000000040 400. 440- 0040040οι0 444. 404.
0004410440444004144-
michaelii 440. 04444404-
044014 444. 044004 400.
0044000044040000.404.
404. 00040044 444. 440-
44040404. 4104444444
0044444 444. 0444440000
440. 0400400400 404.
0404004044000404044

440. erythraea 400.

44004000 44 4. 001040014
400. 0404404044 440.
000404οη4 04404004
400. 0004440004Ξο4.οο0
00040 400. 400. 00040-
4440 404. 4044044044ιο
004. 404040οω 400.
4400040 0404. 044040-
auorum 004. 4004400444
040. 0040040440004

 

000. 0440040004 400. ¹

