lfflx fluum! 11 6966606661οΝ1.

cythi-lh 69.
666666 99.
ornamus& 999.
666666666699966666-
6666666 999. 6666666666
999. 6666666666 999.
mene· 999.

cynnamum 999.
9666666666 tuberculum

605.

cymam 996.
cymu- 66.

(96666666 66666 99. 66-
66669. 6 pendiculum
99. 6666 66666666 69.
1666666666666666669.
6666666 69. 6666666666

666. 6666666666 699.
6666666666666696666-
6666699. 6666666666
6996666666 69666666-
666 699. 66666666 696.
666666666666 696. 666-
beri 699. 6666666666 696.
6666666666 699. 66666-
6666 696. 6666666666
699. 86666666 666.
’6666666666 696. 6616666
636. 66666666699. 666-
66666699. triquetra
696. 6666666699. 666-
gata 699. 66666666666

9. 66666 666666 99. lue· nuyt 996.

vis 69. lanceolata 96.
96. 6666 66666666 96. 66-
66666 69. minor 99.
6666661666 69. 6666-
6666666666 99. piot· 9.
· 6666666666996966661·
6666696666666666669.
6666666666 69. 96666 9.
9666666666 66666 69.
maculata 69.

cymbam 69.

0666666666 666.
96666666 666666 999.

mmmm 966.
9666661666 61666666,
66666666 9.
cynoth 699.
Abies 6666666 696. 699.
6666666666 696. 666616-
666699. 6666666 696.
6666666 696. 66666666
69666666666666666696.
6666666666 696. 699.

6666666666 696. 6666- nuno&

666666666666 999. 66-
66666666 999. 9966666-
viana 996. 6666666666
999. 6666666666 996.
66666666666999. 66666-
666996. 666666666999.
66666666666999666666
996. 666666 969. 966666
969. dubia 996. 666-
66666 999. 666666616-
666 999. 6666666666
999. 6666666666 999.

906

dalis 969. 66666666 966.
6666666 966. concerta
969. 666666666666 996.
6666 9966666966.
edu 66996. 9666666996.
Ferrarii 969. 6666966
vastandos-mmanu-
6666666 699. 6666666666
969. 6966666996. 66666-
666666666 996. 6666666·
666 999. 66666666 996.
6666666666 996. lingu-
996. 666666 996. 666666
99666666669966666-
6666 969. 66666666 996.
6666616666 996. 96666-
66666] 999. 6666666666
969. 666ιὲ666666
999. 6666666666 969.
6166666666996. pun-
66666 969. 969. 666666-
66666 999. rubens 996.
6666666166 996. 6666666

996. 96666666 969. ·

6666666 996. 6666666
996. 6666661666 999.
6666669966
999666666666696966·
6666 999.

66666666666996. 6666- 66666669966166666696.
66666669696666666 6966666166 geminata 69.

999. 66666666996. 66-
diaeum 996. 6661666666

6616666666 69. olivum

996. 66666 999 66666- 6666666166Βίᾱά666666-699

(6666 996. 6666666666-
6616 996. 96666666 999.
66666666666.666666666
9996666666999666666-
6666666 999. 66166666

9666666666 699. gracilis
696. 66166666 699.
Rhombus 666. tridens
699. 6666666666 699. 66-
mida 699. turgida 696.

669. 6666666666 999, 6666666666 66.

338.

66666 699. decipiens »meudun 669.

999. discors β. 6666-

Danum 999.

[66666666 6666666666

699. 6666666 699.

benun& 699. 666-

661666 699. 6666666666 66666666666666166 961. 6666666669. intermedia
592.Doughsii⁶oa.du- nuyphfl· 699. -

66666699666666666696. bunum

757.

57⁴. 6666666966 669.

”mh 699. 66616666

6666666666 696. 6666666 6966166666 6666666666 999. 696.66666666699.Ηο6·
69996666669966666166 16666666 996. 6666666 66666666 966. 16666666

699. foeniculum 699.

796.

6666666666 699. 66666166 Delemna 999.

699666661666696699.
6666661666999666666666

699. 6666666669. My·-

6666 699. 6666666999.
6666666666 699. 66-

66666666 666. 6666-

666666 699. 66669696

61666 999. 6666666666
999. augustissima 999.
6666666666· 996. 66-
66666666699666666·

66666666 996. 666666-

6666699696666666996.
canescens 969. 66666-

572.

numidiam 699. 666666-
6666 699. 6666666666 “

699. 666666666666 699.
mudum 699. 696. 666-
6666 699. compressum
699. 6666666666 699.
6666666666 696. 666666-
666666] 696. glabrum

 

