1333313 6833133333 ΙΤ 83663331οΝ1.

389. 8333333 pavonius
666. pedunculus· 668.
33663333636336333-
rus 863. 93333333 666.
pertusus 683. rhem
836. 8633663633 636.
3333663636. 8333333333
833. 3633633636. 633.
336. 363333τοί633 836.
3333366633 866. 3333-
3336336333 636. pinnatus
396. 396. 639. 33336-
333333 336. 3333633333
33633333333333336333
633. 3363333333 833.
Platylobium 666. 333-
culus 389. Plooomr'um
883. 3333333363 396. 3133-
363333 669. 3333333363
363. 8333333 863. poly-
33333333333 333. 336. 33-
13336636336633333-
3363633 638. 3333333333
333. potatorum 683.
3333333633 368. 3336333
393. 393. 3333333336.
pseudo-cuium 663.
3333363-33333333333 383.
33336633336.33333333333
863. 333333333333366.
purpureus 836. 333333-
3333336363. pygmaeus
696. 3363333333 663.
(33333333633688.(3333-
3333 marino 689.
racemosus 398. 33-
633333 388. 336333333-
mis 668. 3336333333.
romontaeeus 339. 3333-
3333333333 363. 33333333-
33333 336. 333. repono
333. 3333633636. 33-
33363333639. 63333633
639. rigidus 366. 3333-
333333 333. Rosa 3333-
rino 333. 3363633338.
rubens 383. 393. 833.
rugosus 686. 3333333-
33333 836.
3333363339336333·
3333333333 633. 33333333-
33336336338333333333
386. 83363633. 33333333-
33333383863333333663.
3333333333 386. 333333-
63333333 396. 33333633
633. scorpioides 693.
839. 8333336333 833. 33-

633633 388. 696. Sohgo
393.33633333363.33333
366. 3333366633 633.
3333363333 396. Serto-
3333663. 3333363633633
396. 3333333333 368. 333.
8363363689. Siliqua-
33333333 633. siliquosus
663. 333333633333331333
399. sinuosus 833. 33-

863

cru-us 369. ussurus
636. virgnous 63 3. 336-
633 636. 33333633 638. ο
3336333333 399, 33633333
368. volubilis 689833.
36333363 333. 33336-
ὲν33633663. 33633363
33333333 663. 33333333-
des 666.

333663363363333333- ramassaun 338.

liturus 333. 383. 333333-
rius 336. 3333633633

639. spermophorus 6333333633333333333333336.
333. 338. 393. 3333333- 633333333 heumanni 683.
formis 366. 3333333333 Galum· 639. 33333-

869. 3363333366. 363.

color 363.

333. 3333333333 368. 6336333363 3363631333

3333363 689. spongio-
333 663. 3333333633
693. 333333333336. 36-
633333 333. 3363333333-
tus 638. 336633333866.
33633333633666. sub-
33333 386. 336333363363-
tus 363. 83333336 633.

orionus 396. 396.
3363333333 863. 333633
336. 3313363336333 663.
333333 363. 33363 638.
leunculorum& 33-
33336333383333333333-

39. 33633333 33. ooor-
33333 39. coronato 33.
3333333333 36. docus-
333336. 6333333339. 333-
3333333 363. 3333336333
363336333963333338.
333333 33. 3333333633 36.
3333633333363 33. 38.
rrummuloidos 33, 633-
33383. 3333333 33. 333333
33. sculpto 33. 83133.
spir-slis 33. 33313333 36.
3333333333 33. 3333633-
3333 39. varians 38. 36.
vermicularis 36.

63 366. thosiophyllus (3333663333 constrictum

663. 333633 638. 3333333-
borgii 636. 6333333633
866. 3333333 636. 3333333-
633 836. 3363333333
666. 33333333 633. 33333-
losus 638. 3333363363
663. Tremelio 3833333

866. 3333363333] 866.
oorymbosum'Soo. cy-
333363333333 333. 3333333-
333 339. 3333333333 863.
lubricum 333. Opuntia
663. ovalo 668. 3333-
333333 863.

398. triangularis 833. numerorum 866.
363633631333633. tri- 6333633333 636.
63333838. 3633633833. (3333633333 363.

3333333333 333. trinodis
663363333333663833.
336333333333 663. 333-
6313333 336. 333363333-
3333 633.

33333633 833. 333333
333. ustulatus 3633333-
rius 866. uvifer 398.

Valentino 368. 33333-
33333 336. venosus 333.
vermicularis 668. 339.
verrucosus 333. vorru·
3333333633. 333. vor-
3333333363. 866. 33333-

3333333333336. clauo⁴
33333363. 333333333333333
363. corniculorum 336.
333333333313333 366.
3633333363. 3333333633
363. 3333333333 366.
3333363363333333333333
363. maximum 363.
morientum 363. 33333-
33333 333. 3336333333
366. tumulosum 368.
336. rigidum 363. ro-
3333333333 833. 3333333333
333. 3333363633 366.

 

