906 11111 0111111111 11 11101110111.

1551111101111101311- 1101011111 555. latifolia 01151. 0111110111 111.
01101101 155. 5011001- 55511111011115550111- 10510111751100110101-
101175155. 1110511101 1111111555. 0101110111 1011175. 101111 175.
157011001101157. 01- 5550101011111155501- 1011111151115.111011111
510111111179.110101111 1111155510101557.11- 5511110115.
151.110111110151.101· 5111000111555. 50110111 105100010100755.
105101110155. 555. 5011011111 555. nemnem· 555.
1711100111115001175. 11511110111115515011- 0111101015οω 551.
5111010555. 011001101555.1110110- 1101111151 555.
7111101111 15. arcuatum 1111 555. variegata 550. 5010011001 115.
111.115.11111110 155. 100111 551. 1111111155511151111111
5111511051101101 157. [11011015111111011110 551. 155155011000111151.
5100111000010155010· biviram 575. 0511151111551111011·
110111010115.(11010101 Didympiiun 155. 11115101511115. 11101-
171111010110111017. 10- ’11011011 155. 01111511- 01111111 151. 11111101-
111111111015.115.500- 0101155. 0111115111101101151.
01101101 115. 10101111- Ditem 511. [1110110111151. 110111
11111157. 1111110110- [11051101 7115001111 155. 151. 155. 11010011011
111101155115111110157. 1510100111 55. 55. 155. 151. 111011111 β.
[1005101155. 01111- 5101οἡ00100155. 155.1101110111115.110-
01110155. 0110101110115. tenuissimum 175. 5110111155 00101111
obliquatam 135. 155. 11101011101111511. 15511015111110111155.
01111111011011. 00011- 511000101 15. 55. siticulosus nebulosus
011011100101110115.1)οο11111110155. 155. 10500100501111 ’
111111011101115. 111- 1101005011 55. 15510010010101151.
051111000111115111- 11110110111111555. 5010100101 1001011101-
1001 17. 1110110101100 5111010111111355. 001- 1011155011011011155.
1511. 1001017. 11111110- 11101111 555. 000111- 1111111111. 01101111
110115. 11011111 557. 1101111111 185. 010111011151-
510510111 1111511575. 5555100011555. 557. 01011155. 1110111111 157.
510500511111101 111011011- 010155101101011557. 01111011571011111001-
10111015551111011555. 100111555551. 101101- 011155. 0111115511-
111011010101110555. cy· 1011555. 0001011155.11110111101
1101111011 555. 11101111 nnio-ipim 555. 15510111111157. 101-
555. 11015110001555. urma- 555. 1011111 155.
oblongam 555. 111501- 1111111110111 715. 711. mmihi: 515. 1111011111
1111555. 0000111101. 555. 51011101001111
Diokleia 155. 1111001111 555. 111110- 515011151511100151
1110111111 51. 51011501- 5011171500111111751. 515. 11010011 511. 51-
111155. 0111005011751. 10- 111101151511015111
5101101100 757. 110111117511001111111 511. 11111011111111. 10-
1110100051115. 715. 751. 1010111011 111101 155. 1111011111
Dictynnam 517. 715. 011101111οε 711. 575.
1011111111 555. 10111111 1100111755. 1110111111 1000111011 551.
111. 111. mmm 11.
Dictynnam 551. 501151111555. 505001155111010111751.
[5011001001 5111011111 simplex 575. 1010101101ου 175.
55511000111551111111 5011010011175. 0111-
555. 5001111555. 0011- 1011101111 11. 0101111551010011001-
0011101511 551. 101111- 50510111110110101101110 110117501101117111-
11111555. 155. 0111111175. 0111011111
1110100οῃ11 155. 1105100111 1551011111 51. 551. 01011011 175.
0011000100111. 10111 57. 01011111 17. 501000001111111 55.
Motya-pium 515. (15111101110110111111 Eniophynffl· 555.
hiemi· 555. 1100111111 15.0100111111.11101- 5111010111010111111111 515
563. 0111111551. 51050- 01111115515011111115. 1110001110 555.

191111555- 5111110110 00011111157. oblonga 1101015110 575.
ubi· 1011011011 551. 175. 05111115. 01111- meam 111,

 

