111818 8811181111 11818081108111.

8011

1881188181181188881- 188. ferruginea 811. 188. 8888818818 878.

111 888. 8888811188 888.
11888118 871. 1881118-
118 888. 378118. 181-

881818 877. 1181111888
877. 1181888878. 1111-
1811818718. 8818181118.

818381. 88818888 1181. 88881111811818883.118888

18118811 888. 888118-
ns 178. 88181818818
888. 8818188881Ιί 188.
88181888811881 888.
1118811888 118. 8118-
lynea 878. 8818181188
377. 8111818 888. 818-
181818178. 8181118181·-
11118888. 8111818 888.
coccinea 888. 88118118
187. 188811188888 838.
88111811818888. cossa«
11888888. 1818888 888.
8881888183188888811·
18111888 777. 188818-
8818 878. 88818118 881.
883. 8111811188 888. 888.
88181181818888. 1181-
118118 787. 1818818888
878. 8818188888 687.
81888887881188111378.
1118118 883. 81188818
887111. cristan 188-
1188 881. 11188881 388.
81881811188881. 88118
817. cyanea 883.
8811881188 878. 118118-
811838. 1181118188 881.
decorticans 787. 118-
8888818 888. 1111188 383,
817111888818878818·
818 818. 1118811888 878.
8188818818 871. 887.
11111888 887. 881. 11118-
1818 β. 8181818 888. dis-
8111888187. 881. 887.
11181888 887. (11818118
311. (1118118818881.111-
1818888188. 1111881-
1181111 388. 11888888
378. 8881188818 788.
8118888878. 88818818
81171181118118818. 11811-
18811388. 8188881888
88711888888788881-
11118118. 1881881118118
883. 818818 187. 81118-
1818111118. 8718118883.
8188888881.
18881881888888818111·
18881888881888181878.
188818818118 383. 888.
18881181818388. 181811

881. 887. flaccida 887.
88811111811818 888. 118-
1188188 187. 183. 118-
vicens 387. 88118888
887. 831. 11888888 317.
871. 618. 8811881888 18.
118. 1181111818 8188811-
1818 888. 88118118 388.
81111811118 877. 1811188-
18111 173. 1881888 338.
3881881188118713318.
188. 1188111181. 388.
111. frigida 187. 11811-
181888887111818818811.
1118811118 811. 18111181-
11118187. 18888161. 18-
sco-brunnen 181. 18-
sco-purpurea 388.
8818118888 888. 838.
genuflexa 138. glauca
388. 318118188888 888.
8188888 811. 8188111188
817. 8181881818 888.
888818188811. gracilis
378. 188. 8188111888
881. 811181881888 888.
118181181881181188 818.
1181188881888. 118188-
stica 118. 88111888188
118. 8818188181118 118.
818188188888 388. 811-
81118 881. 81181118 838.
1181818881 778. 1188111111
888. 8818181888 887.
888811838811818818818
387. 11881188 383. hyc-
188118 ’18.

111111818 878. 118811-
1818 888. 1818818878.
388.388.887.1888111818
1711881881811838818-
dica 878. insignis 886.
1818118818 881. 18181-
11118 888. 1818888888
888. 878. 181118818 888.
18111888 877. 1888888
387. jugalis 887.
3888888818111111818-
11878.
ἱζ1881111188188181111118
188. 1888881178. 18118-
8111888 888. 81811188-
111888 388. 1118811188

1138811811 378. limosa
788. 1181181878. 78. 11-
8811188377118881378.
378. 1118111118 858. 188-
reri 871. 8811181883.
1881188 777. 381. 811.
18ιὲ8888 887. 1818888118
8811888818 888.
818188111811818 187.
8182ιὲ38888 117. ²112}-
· ,818 8188 .
11118888181838888818·
81888888118. 11181188-
811187111181818818811-
8811881188188. 8111811-
11831838811181118177.
18881111811818 77. 78.
mucor 778. mucosa
187. 381. 11181Ιί88888-
18118178. 8181111188 881.
81818118 818. 8181881118
388. 387.
8888 381. 138. 11818-
118818 881. nebulosa
387. 1188818188] 388.
81811118 817. nigra 178.
nigrescens 818. 81811-
cans 381. 8181118 188.
nitens 387. nitida 181.
817. 81118318. nodosa
538. 8811111888 888.
88118 388. 8881818181-
des 77. 78.
obliquata 138. 88188-
3¹:7¹7 ssss⁶ne⁰⁰⁰¹³¹2¹=⁰
. 8 1 8 .
8881811888 388. 8118- ·
1818177. 8118881888
117. 81118888 188. 811-
1881888 78. 818818 888.
8881118181188 881. 8118-
81888118. ’
8888888818 878. 88-
111188 818. 8811188181.
8888888 818. 381. 88-
1811818878. parasitica
888. 883. 8818818381.
878ι 8818811181888 818.
8881188118 8. 18. 117.

88818811818881. 811111-
81118 388. 8888181181-
8118 887. 88118818 888.
8811881888 888, 811888
818. 81811881 1881118818
817. 81818888 887. 888.
8188818817. 88118818-

 

