6044

766. Funus 66666466
666666166666676666-
phnlornllhos 664. 6666·

664666 666. 766. 66664-
666646 776. 6666446666
744. 766. (6666646664
746. 6666664466 466.
6466466 746. 766. 766.
646666666667.4446446666
666. 664. 44466664 666.
64666466 766. 64666446-
666 666. 64664466 466.
666646666747666666.
6666666666ηῇ 766. 46-
6646664664 666. 66666-
666 646. concatenatus
646. 466. 6666646666
774666466466646666-
466664666776776666·
· 4466666 664. constrictus
664. 766. congestus
76666664666664666-
46646674666666666466
667. 66666466 766666-
mmmmw
646646466664. 746. 666·
6666646667666666466
667. 6666666ρί46666
7646666666446666 647.
66646466 686. 6666646666
666. 6666646466 766.
6644646666 4486. crinalis
764. 66464466 764. 766.
6646664666 746. empus
667. 646. 766. 664646466
747. 644. 6666666 766.
666666664666 467. 666-
666666666666446664·
lon 766. cyslopllyllus
danyphyllus 666. 66-
64446646666464666666.
decurrens 666. 6636-
666766. delicatulus
76466646466646666-
6666466766777666-
44464466 666. 4466466464-
66644 646. 4466666644
644. 6466666666 766.
64666466666 664. digi-
66666677. 6466466766.
6466666 664. distentus
666. 6464464666 666. 64-
666466466 766. 6466664-
lolius 646. 6666666666
666. 6461646 766. 784.

66646664666666766664-
66466666 764. 6646446666
467. 664664666 664. 664-
6666666 766. 6666466466
676. 6666666666 666.
66646666 666.

666646 667. 466646646-
466 666. 46664646 666.
4666666466 746. 746. 6-
666666 666. 6664666
766. 766. 4464644666 666.
6444666646 446. 766. Fl-
lum 646. 6666646466
6464466446666646666·
64666 666666. 4466646-
4666646646. 66646666
6464466666666666666·
666 666. 4466666666 666.
nomina 746. 4664466
766. 776. rollonnnmus
666. 6666466444 666666.
66666664 664. 46664664-
464466 646. 466446646666
666. 4646644666 464. 466-
56666 666. 4666666466

4466646666 666. 6646-
4666666 776. 666. geln-
64666776. ginantinus
ll9.glndlnn1s58‘l.glnn-
6646666666. 3666466
776. grnmlnilollns 646.
6666646666 776. grenn-
46466666. 6666466466

4664664666 766. 4666666-
466666 766. 4464664646-
666646664446666464664·
466636666666666676.
44666646 766. 4664666-
phylns 646. 664. 766.
hirsutus 466. 764. 4646-
466 666. 44666664 664.
6666664664666664664-
666666. 6666664666
49776444666664666666

4446446666 646. 466646-
xus 666. 4664666666
666. 4666646676. 466446-
666 666. interruptus
664.464664466446476.46-
46466466 644. jubatus

6664666646 646. 664.

4664446664664 776. 46-

666466466 766. 666146 666646667646666446666

7647666166644666667.

646. 4666666 766. 766.

mnu emnil! 44664644166641.

4664646466 7446764. 46-
66666 766. lambertii
764. 4666666664 666.
4666666 666. 46466666
667. 666. lau-ix 664.
46666 664. ludigarus
646. 646. 6646666466
644. 6666664666 667.
666. 776. ligulam 674.
6666666666 644. lhan-
r'n 666. 666766. 4166-
466 648. 6644661644
lividus 744. mallon
746. 6666666466 764.
4666446666 666. 664.
466ςί666466 666. 466-
sissimus 646. 776. 776.
466666666746646666766.
6664466666 664. lu·
66466446 746. 4666664666
74646666666464666664.
Lyco 46666 644.
alimmum-
666 766. 666666646666-
666 667. muium· 666.
membranaceus 664.
666666666664466 766.
4466464666664. 664666-
66664466 666. 6664646466
767. 6666666666 664,
6666616665644. 66664-
666644466 776. 66666466-
466 466777. 6666664466-
664676666666664666674.
666. 6666664666 666.
Myrlea 666.
66]·6644666646 666. 66·
ansulam-Nm
746. 6666646666 766
66666666 764. 664461
766. 66666666 664. 66-
66466466 666. 4466446-
666 766. norvegicas
6646666466 764. 664.
66666466 667. 066664
7466666646664406646·
glomum 464. 0666646
744. 6666466766. 06-
666666 6666666666-
6666 664. 66666 666.
666. 664666 764.
6646666664664666466
676. 764. 6646666446 746.
766. 6664666466 669.
666646666677666666-
lens 666. 776. 6666666-
666666666644666666666

 

