0040 ’40004044 04 044404444400444. 911

4101001443οΙ0 depressa 410000440347.348, {amoma 883.
448. 80400414οω04οο 838. Ηο004004344400 384.
4401003080 00044000 473. 440104404004404400 014141- 8040000400 888.
4401034044οη 0000011044440 0010 884. spine44um 004444104ιο 883 84014044
882. 782. 828. triquetra 884.
,1040340οω04 884. 4401044044040 0004110440 8οο00000040 345. [4οΙ-
Ηο40044430 848. 714. 4440144148οἹ4 2 Ne· lida 383.
804001ομ082. 0404400 742. purpurea 4404400444044040 384.
8040040440 482. 743. 8040840010 882. 0110084οο
8040024400 884. 440140404800104440 848. 044004 887. 1440414004
8040000014ιο 748. 44080401108043000482. 827. 8400044100 8:45.
44040400 882. 43038404 478. 44400- coccinea 888. corym-
Enlyfflctyon 882. 100040 484. 0004044440 bosa 887. 0400000842.
1040040040 748. 483. 441040οη4000 888. 448441-
44304400040 724. 00- 1044000440 482. 10008284040144040822.
0440440778. 44444440 788. 1004400400 438. 1440004403ἰί 883. 04340-
80140440041743. 00000- 410044440400 44400044 888. 0000080004440842. 0001·
040 742. 738. 0040000 804004800027. 1040 788. 3040004000
744. 0414040788. 04000· 4104403444 0440084140 787. 833000440000842. 0444
140440078100441040728. 10400044οώ 484. 040828. 01410404400838.
8044001448 722. 440410- 104000404000 424. 4008043004ιο 484. 40-
0400728.04040080401040000440334. 00140884. 4000001040
724. 4401444 743 0410140 440400000400110 0004040 824. virg 040 848.
724. 728. 0400308724. 478. 4444030488. 1440οΙ40 44301048οο00 28.
4440443040 422 8141040440 472.1440001040478.444- 130400400448.
748 4040014040748 738 (40140 474. 3040444040 1004048000 487
glaphyra 748. 1404000- 488. 00144440044440 474.. 8040800400488. 03140-
000008724403410440888. 40440088401400478. 04- (44400488. 840041144488.
1000444788. 40004040878. 0400110 478. 1444440010444400 00000140-
100404040 748. 10000014 ueternum 878. lus 882.
722104400800743104-1404000040140040804401044 Ιγ4400000000 234.
0140040440 888. 14304040 847.. 840144000044384.
724. 444000040743144-84444004400044440884.Ιώοω10004288.
80400 728 400434041040 4400040 844. 8044044140 11 58:044ch 448.
782. 4004080000000874. 888. 4000140404ιο 888. 340041044ηο 482. 4440400
44000434000744. 40441- prototypus 888 404400 448. 00040300004448.
4444440747. 0040000784. 884. 4000110044480440841440-
Nicaeensis 782. 0001- 4244000220440 887. 44444- 40444 842.
4040 887. 0000440724. 4411004888. 8384030040000 34004440-
00140040 7844. 784. pin· mmantldiunS. tum 488
0441040724. 0104400727. 100400001οὥ 87. 44γά4000040 Carus 488
Proteus 784. 00004040 numech-lehun 838. Εγᾱιο000440 782.
888. 000000000000748. Εο0041444400 348. mrum 232.
000400400οο 748. 4004- 004004400οι0 347 0400- 84340000040 448.
1000440 743. 0004000 sum 388. 000001044440 00840000288. 04440000
742. rubens 784. 000- 388. 0000004348. 41044 283. 443441010 283 440-
0040 728. 0000400040 catulum 388. 44000004 000 448. 8014400 448.
788. 000040004000782. 88444001044040348. 40 4430400 238. 241400 448.
4043000 722. 4404101040 0044000444 847. 0400411- Ermum 872.
748.414·4·4140000747.40· 104400 347. 0004400144 1004400444οὴ288 80114-
0403040 748. 4004440000 347. 0084040Ιο 348. ri· 40401400 848.
724. 40440004000 734. 4401040348. 40000348. Eme· 788.
myndam. 0040444040 4004044410 348. varium 0404040774. 0044100404·
888. 380. 4010440004 388. 4400772. 1840044040 787.
4404304004 828. 838. 834. 8044040040 884. 1404004000 788. 0444444-
10004440 872. Rumonem 874. 004010 884. 0040040-
80Ρο4444444444 888. 4404400001ου40 0444000004 00000 788. 0444043040
10001οά0200 884. 312. 778. 004001000788.

 

